1
18
100
373
999
2393
4795
9164
15807
26449
41091
63477
92039
132873
184205
254110
337632
450563
580885
751783
948747
197661
477503
835761
227012
712566
250650
906396
613678
486322
409844
528325
728969
148843
652495
466034
340196
555670
897754
632748
458510
806898
225700
222966
381484
138798
18480
750690
517893
169160
17964
815390
705872
853300
19192
513530
199934
223728
341090
354726
200568
900442
856928
752625
632437
43385
194507
996013
943057
505141
916823
940090
338332
199086
281668
859574
29658
845086
795168
555698
140503
178457
636779
407951
692723
812357
809481
780379
522621
217427
823351
220217
949021
903615
485187
200629
729911
772362
39168
850691
