35

9
80 11 25 52 22 28 73 8 21 
50 57 7 9 65 26 56 46 18 
55 49 20 45 75 70 24 34 38 
4 54 67 31 79 69 15 27 37 
1 47 76 32 51 19 66 42 78 
23 36 33 74 17 14 62 43 61 
30 13 3 59 63 58 2 16 12 
29 6 64 44 5 68 48 41 81 
40 39 60 77 71 10 53 35 72 
9
51 61 64 33 75 70 57 20 25 
68 5 53 80 78 4 38 49 60 
19 28 73 29 24 31 15 7 71 
23 47 40 13 52 69 55 18 42 
79 44 14 1 74 58 34 67 2 
37 63 81 77 46 30 41 11 76 
35 59 21 72 54 36 66 9 62 
43 56 8 50 65 6 17 27 22 
3 10 48 16 12 26 39 32 45 
4
2 8 12 9 
16 5 14 15 
4 11 3 10 
7 1 13 6 
5
24 3 10 7 2 
15 23 12 8 14 
17 1 25 13 19 
20 5 22 16 18 
11 9 4 6 21 
1
1 
9
42 70 53 48 51 4 40 6 57 
73 31 20 49 19 3 77 12 68 
25 63 81 74 64 69 43 21 54 
22 16 44 58 5 72 18 7 62 
41 8 36 46 11 13 10 45 2 
61 33 27 59 34 71 38 24 39 
56 65 55 67 23 1 76 60 80 
50 78 9 52 35 47 66 32 14 
26 75 29 15 37 79 17 28 30 
6
17 31 14 27 5 33 
10 4 7 19 23 9 
8 25 20 22 1 35 
26 6 24 21 2 13 
16 11 18 29 12 36 
34 28 32 3 15 30 
10
41 42 43 44 45 46 47 48 49 50 
51 52 53 54 55 56 57 58 59 60 
61 62 63 64 65 66 67 68 69 70 
71 72 73 74 75 76 77 78 79 80 
81 82 83 84 85 86 87 88 89 90 
91 92 93 94 95 96 97 98 99 100 
1 2 3 4 5 6 7 8 9 10 
11 12 13 14 15 16 17 18 19 20 
21 22 23 24 25 26 27 28 29 30 
31 32 33 34 35 36 37 38 39 40 
8
54 30 53 12 4 62 32 10 
33 48 34 15 41 28 25 59 
21 8 37 36 5 23 64 40 
47 3 7 57 6 31 9 22 
18 61 45 27 17 50 60 52 
42 11 24 39 49 2 51 19 
44 16 20 35 14 38 46 63 
1 13 26 55 58 29 43 56 
10
12 13 14 15 16 17 18 19 20 21 
22 23 24 25 26 27 28 29 30 31 
32 33 34 35 36 37 38 39 40 41 
42 43 44 45 46 47 48 49 50 51 
52 53 54 55 56 57 58 59 60 61 
62 63 64 65 66 67 68 69 70 71 
72 73 74 75 76 77 78 79 80 81 
82 83 84 85 86 87 88 89 90 91 
92 93 94 95 96 97 98 99 100 1 
2 3 4 5 6 7 8 9 10 11 
8
5 6 7 8 9 10 11 12 
13 14 15 16 17 18 19 20 
21 22 23 24 25 26 27 28 
29 30 31 32 33 34 35 36 
37 38 39 40 41 42 43 44 
45 46 47 48 49 50 51 52 
53 54 55 56 57 58 59 60 
61 62 63 64 1 2 3 4 
6
31 22 8 2 27 7 
1 15 35 14 3 23 
28 17 26 16 13 30 
11 36 10 24 5 6 
32 18 20 12 25 29 
19 4 34 9 21 33 
10
73 15 58 7 83 72 62 80 16 44 
67 100 45 30 46 35 79 25 39 84 
85 6 68 40 34 88 43 50 20 53 
56 12 27 51 33 54 98 26 2 57 
9 22 37 70 78 14 49 81 8 3 
71 91 42 5 96 77 92 76 31 36 
4 11 64 97 86 41 66 19 90 75 
32 52 63 28 89 24 94 65 87 18 
82 29 13 93 1 99 61 10 55 23 
21 74 17 38 59 60 47 48 95 69 
1
1 
10
7 58 53 85 20 93 88 47 27 13 
59 50 57 38 63 73 83 34 43 68 
15 46 42 29 48 4 98 87 30 21 
66 49 51 6 72 3 99 32 75 2 
33 16 8 89 37 24 86 97 60 100 
80 70 41 19 90 22 82 12 39 10 
23 44 17 71 40 95 56 5 79 45 
55 69 81 64 96 77 14 54 67 11 
52 76 31 25 65 94 61 9 74 91 
26 92 1 36 62 78 28 18 84 35 
8
18 34 5 49 44 19 24 10 
12 53 52 16 50 25 57 60 
27 9 55 56 2 33 37 20 
45 62 46 7 15 59 39 6 
42 36 1 35 51 40 4 14 
26 64 13 8 43 29 3 28 
63 31 47 54 11 22 21 48 
32 41 58 30 38 61 17 23 
9
16 73 43 4 77 37 80 58 17 
78 66 12 10 21 51 60 20 29 
31 72 40 6 26 53 75 68 19 
76 57 18 79 15 27 67 55 28 
44 39 11 63 59 65 33 71 52 
25 61 56 7 64 14 22 8 41 
45 74 46 23 38 62 2 54 1 
48 69 81 36 13 30 49 5 70 
24 42 32 3 50 35 47 9 34 
9
66 70 65 7 78 6 54 53 8 
73 49 45 3 20 57 64 24 51 
43 77 25 31 27 42 58 41 17 
30 11 72 33 67 50 12 37 9 
76 44 62 14 52 79 5 10 56 
13 16 59 34 23 4 26 69 18 
2 40 46 48 68 38 74 28 55 
60 80 39 1 19 36 29 63 47 
21 71 22 61 15 35 32 75 81 
2
3 4 
1 2 
6
2 3 4 5 6 7 
8 9 10 11 12 13 
14 15 16 17 18 19 
20 21 22 23 24 25 
26 27 28 29 30 31 
32 33 34 35 36 1 
6
13 16 3 7 20 27 
21 1 18 32 15 24 
33 12 6 30 2 26 
22 9 29 28 4 11 
35 31 36 25 34 10 
17 8 5 23 19 14 
6
6 7 8 9 10 11 
12 13 14 15 16 17 
18 19 20 21 22 23 
24 25 26 27 28 29 
30 31 32 33 34 35 
36 1 2 3 4 5 
1
1 
10
53 54 55 56 57 58 59 60 61 62 
63 64 65 66 67 68 69 70 71 72 
73 74 75 76 77 78 79 80 81 82 
83 84 85 86 87 88 89 90 91 92 
93 94 95 96 97 98 99 100 1 2 
3 4 5 6 7 8 9 10 11 12 
13 14 15 16 17 18 19 20 21 22 
23 24 25 26 27 28 29 30 31 32 
33 34 35 36 37 38 39 40 41 42 
43 44 45 46 47 48 49 50 51 52 
1
1 
6
3 6 8 11 19 15 
33 1 20 28 12 27 
25 35 14 23 32 26 
10 36 31 18 24 13 
34 17 16 4 9 22 
2 5 29 30 21 7 
9
32 68 66 4 15 18 47 61 78 
40 73 77 6 21 30 42 52 74 
19 9 1 14 71 69 43 37 63 
72 60 8 38 64 44 12 23 51 
17 35 24 29 10 76 45 33 11 
26 2 27 41 7 80 62 31 57 
48 49 50 39 22 46 65 3 16 
25 5 75 81 67 55 53 36 70 
79 54 34 58 28 20 59 56 13 
7
42 43 44 45 46 47 48 
49 1 2 3 4 5 6 
7 8 9 10 11 12 13 
14 15 16 17 18 19 20 
21 22 23 24 25 26 27 
28 29 30 31 32 33 34 
35 36 37 38 39 40 41 
8
10 17 32 12 16 45 5 31 
1 49 34 51 40 61 36 55 
64 56 18 47 4 57 59 23 
15 63 21 13 46 14 6 35 
8 53 62 24 25 43 30 2 
26 20 50 22 29 33 48 54 
52 44 27 11 28 38 3 60 
19 39 42 41 9 37 58 7 
10
89 62 90 57 6 82 60 46 16 73 
96 36 26 41 33 53 52 59 94 15 
71 81 78 88 70 35 45 55 39 38 
86 44 76 13 17 7 50 27 66 19 
49 40 92 31 2 22 5 63 74 12 
18 34 100 3 67 65 58 42 75 64 
29 61 37 10 69 21 28 47 91 98 
77 79 4 32 99 8 20 84 54 11 
68 14 72 24 80 30 97 56 87 43 
85 93 95 23 25 48 51 83 9 1 
1
1 
6
13 27 1 31 32 21 
24 26 6 9 3 7 
30 12 8 36 16 15 
23 20 2 28 34 10 
4 19 5 17 29 22 
11 35 18 25 14 33 
3
2 7 8 
1 4 6 
5 3 9 
4
11 3 13 12 
1 4 9 6 
10 15 2 5 
8 14 7 16 
8
30 31 32 33 34 35 36 37 
38 39 40 41 42 43 44 45 
46 47 48 49 50 51 52 53 
54 55 56 57 58 59 60 61 
62 63 64 1 2 3 4 5 
6 7 8 9 10 11 12 13 
14 15 16 17 18 19 20 21 
22 23 24 25 26 27 28 29 
