35

7
25 13 32 36 20 33 41 
40 21 8 10 15 4 23 
3 49 5 45 47 19 9 
26 42 38 46 48 43 29 
24 35 2 18 14 16 37 
11 12 34 7 6 17 44 
28 31 1 30 39 22 27 
4
11 2 13 10 
9 16 8 7 
15 4 1 6 
5 3 12 14 
1
1 
6
34 26 16 30 36 33 
10 5 32 21 19 18 
15 28 24 23 6 31 
7 22 2 1 35 8 
25 17 14 9 27 12 
11 3 20 29 4 13 
9
7 8 9 10 11 12 13 14 15 
16 17 18 19 20 21 22 23 24 
25 26 27 28 29 30 31 32 33 
34 35 36 37 38 39 40 41 42 
43 44 45 46 47 48 49 50 51 
52 53 54 55 56 57 58 59 60 
61 62 63 64 65 66 67 68 69 
70 71 72 73 74 75 76 77 78 
79 80 81 1 2 3 4 5 6 
9
42 76 73 79 61 58 66 29 40 
80 69 59 71 77 12 57 25 39 
34 60 74 52 75 22 55 2 30 
14 21 4 11 5 35 56 70 28 
17 38 27 7 24 63 10 49 36 
51 78 64 18 13 8 3 46 33 
15 48 41 62 32 72 54 47 1 
67 44 26 19 6 37 9 81 53 
31 65 43 16 50 23 68 20 45 
5
8 22 5 4 21 
7 20 6 11 16 
2 18 3 19 23 
25 17 13 24 9 
15 10 12 14 1 
4
7 13 12 16 
2 3 9 6 
1 11 5 15 
8 4 10 14 
5
6 10 11 23 1 
2 14 22 24 15 
5 20 19 25 17 
21 9 13 18 16 
7 12 3 8 4 
6
34 11 22 9 7 17 
18 27 36 13 31 14 
30 32 3 4 10 35 
24 20 5 15 16 21 
1 8 2 28 12 29 
25 23 26 33 6 19 
5
2 3 4 5 6 
7 8 9 10 11 
12 13 14 15 16 
17 18 19 20 21 
22 23 24 25 1 
8
33 34 35 36 37 38 39 40 
41 42 43 44 45 46 47 48 
49 50 51 52 53 54 55 56 
57 58 59 60 61 62 63 64 
1 2 3 4 5 6 7 8 
9 10 11 12 13 14 15 16 
17 18 19 20 21 22 23 24 
25 26 27 28 29 30 31 32 
6
14 15 16 25 3 26 
19 31 2 4 35 28 
6 33 32 11 9 20 
29 24 8 23 12 18 
22 36 13 7 17 27 
5 10 34 30 21 1 
5
14 13 1 15 8 
7 20 17 2 12 
19 4 5 11 23 
24 21 10 9 16 
25 3 18 22 6 
8
16 17 18 19 20 21 22 23 
24 25 26 27 28 29 30 31 
32 33 34 35 36 37 38 39 
40 41 42 43 44 45 46 47 
48 49 50 51 52 53 54 55 
56 57 58 59 60 61 62 63 
64 1 2 3 4 5 6 7 
8 9 10 11 12 13 14 15 
8
10 20 49 46 29 24 44 35 
55 37 19 48 3 18 57 54 
63 25 45 34 7 42 23 40 
30 36 26 50 59 32 60 53 
4 51 6 5 58 47 11 28 
8 61 27 21 15 52 64 38 
31 13 17 41 9 12 56 22 
1 43 2 14 33 16 39 62 
2
1 3 
2 4 
3
6 8 7 
3 9 1 
5 2 4 
1
1 
3
3 6 4 
1 7 9 
5 8 2 
9
10 11 12 13 14 15 16 17 18 
19 20 21 22 23 24 25 26 27 
28 29 30 31 32 33 34 35 36 
37 38 39 40 41 42 43 44 45 
46 47 48 49 50 51 52 53 54 
55 56 57 58 59 60 61 62 63 
64 65 66 67 68 69 70 71 72 
73 74 75 76 77 78 79 80 81 
1 2 3 4 5 6 7 8 9 
9
36 37 38 39 40 41 42 43 44 
45 46 47 48 49 50 51 52 53 
54 55 56 57 58 59 60 61 62 
63 64 65 66 67 68 69 70 71 
72 73 74 75 76 77 78 79 80 
81 1 2 3 4 5 6 7 8 
9 10 11 12 13 14 15 16 17 
18 19 20 21 22 23 24 25 26 
27 28 29 30 31 32 33 34 35 
3
2 9 1 
7 5 6 
8 4 3 
5
2 8 18 5 25 
1 24 10 21 13 
14 17 16 9 23 
20 4 11 22 15 
19 12 7 6 3 
6
29 3 23 35 21 31 
20 15 18 11 36 22 
19 32 28 4 2 24 
34 12 27 1 9 6 
26 14 7 33 17 16 
13 25 10 8 30 5 
1
1 
10
74 61 21 34 25 44 72 32 4 9 
77 35 76 95 60 20 38 23 31 51 
12 58 47 86 94 98 56 28 80 24 
83 48 36 78 57 27 75 7 100 26 
53 3 64 54 88 37 40 55 91 85 
67 68 79 17 52 5 1 81 42 22 
93 10 8 73 2 99 89 62 30 63 
70 6 71 87 13 49 66 69 84 43 
59 18 41 90 29 92 14 33 19 39 
45 96 50 11 97 46 16 15 82 65 
4
8 14 15 7 
16 13 9 11 
5 4 6 1 
12 2 10 3 
4
16 7 11 12 
10 15 4 2 
13 9 3 5 
6 8 1 14 
1
1 
1
1 
10
26 32 75 63 50 45 12 27 85 57 
53 11 2 34 91 56 69 72 17 20 
13 5 68 61 3 93 74 89 79 44 
88 83 67 35 76 90 18 42 77 96 
99 95 94 31 24 33 54 37 60 29 
40 100 52 70 14 71 22 36 48 49 
41 30 65 59 80 19 84 39 97 28 
7 87 1 10 38 58 86 21 81 98 
15 46 64 51 92 6 55 25 78 73 
9 47 43 4 66 62 8 23 82 16 
9
3 4 5 6 7 8 9 10 11 
12 13 14 15 16 17 18 19 20 
21 22 23 24 25 26 27 28 29 
30 31 32 33 34 35 36 37 38 
39 40 41 42 43 44 45 46 47 
48 49 50 51 52 53 54 55 56 
57 58 59 60 61 62 63 64 65 
66 67 68 69 70 71 72 73 74 
75 76 77 78 79 80 81 1 2 
6
9 10 11 12 13 14 
15 16 17 18 19 20 
21 22 23 24 25 26 
27 28 29 30 31 32 
33 34 35 36 1 2 
3 4 5 6 7 8 
8
16 30 19 22 24 62 51 11 
35 57 4 37 34 50 64 3 
1 7 59 39 21 40 6 13 
38 2 29 48 33 15 52 60 
53 8 26 56 17 46 9 36 
31 49 27 28 55 23 54 61 
42 10 18 44 25 43 63 58 
41 20 32 5 12 14 45 47 
