6
10
26 59 28 49 46 58 31 31 30 79 35 55 18 21 4 33 12 44 46 85 
5
32
35
22
11
97

25
87 175 45 108 16 45 117 239 22 124 107 172 60 161 25 58 9 73 31 65 28 104 97 152 11 72 77 116 21 25 89 120 90 172 109 143 94 206 8 77 33 34 59 94 114 195 42 118 47 92 
25
34
197
132
98
239
26
175
82
97
192
19
75
81
118
5
48
94
137
100
175
222
219
44
147
242

50
1 500 500 500 87 159 86 291 175 406 18 96 215 236 101 142 187 317 74 133 145 331 117 257 4 48 186 271 17 126 72 222 205 359 116 298 214 448 133 223 40 199 234 311 49 269 103 312 37 237 124 134 240 287 181 408 216 376 231 382 246 439 114 278 144 365 23 272 153 267 243 369 31 75 130 352 184 386 66 205 47 294 157 341 115 305 175 179 39 63 69 263 76 173 203 385 31 129 123 251 
50
188
358
224
444
497
69
222
144
142
152
146
25
217
113
81
112
291
153
92
25
299
214
220
369
226
445
136
284
400
89
109
129
388
58
2
7
400
159
473
470
200
33
106
51
478
1
132
65
244
408

15
122 122 8 8 195 195 54 159 132 211 75 98 119 222 182 245 176 247 178 303 7 60 162 170 171 249 72 185 92 170 
8
122
117
335
14
170
291
20
195

20
95 293 145 346 22 109 72 254 159 277 209 338 56 134 106 267 78 217 128 308 20 132 70 266 189 258 239 329 19 208 69 304 154 321 204 360 106 205 156 302 
15
142
4
5
174
355
146
73
210
107
129
71
240
70
205
157

15
247 363 30 247 175 200 139 155 86 250 64 235 156 188 54 228 23 159 6 146 42 236 29 88 198 245 64 93 196 241 
8
247
124
181
262
107
298
115
67

